1741606829.057927,0
1741606829.1604133,0
1741606829.2627234,7
1741606829.3653564,9
1741606829.4674811,5
1741606829.5698702,9
1741606829.6720188,8
1741606829.7742233,7
1741606829.8763866,7
1741606829.978722,10
1741606830.0811238,9
1741606830.1838598,6
1741606830.2860236,6
1741606830.3884788,5
1741606830.491136,4
1741606830.5933337,3
1741606830.6960547,3
1741606830.7982144,3
1741606830.9010415,3
1741606831.0040834,3
1741606831.106207,4
1741606831.2088804,3
1741606831.3114927,2
1741606831.4136484,3
1741606831.5158567,3
1741606831.61833,4
1741606831.7210648,3
1741606831.8232348,2
1741606831.925957,2
1741606832.0280685,3
1741606832.1307378,1
1741606832.2330294,3
1741606832.3357735,0
1741606832.4379432,0
1741606832.5407333,0
1741606832.6434705,8
1741606832.7456768,9
1741606832.8480206,10
1741606832.950727,7
1741606833.0529351,9
1741606833.1557026,8
1741606833.2578824,9
1741606833.3606672,9
1741606833.4628408,6
1741606833.565579,9
1741606833.667922,8
1741606833.770221,9
1741606833.87294,9
1741606833.9750621,8
1741606834.0778406,5
1741606834.1800103,4
1741606834.2827885,4
1741606834.3850229,1
1741606834.4871783,2
1741606834.5900245,0
1741606834.6928396,2
1741606834.7956457,2
1741606834.8978035,2
1741606835.0000892,2
1741606835.1028242,3
1741606835.2051086,0
1741606835.3073962,0
1741606835.4096692,3
1741606835.5119045,2
1741606835.6142354,1
1741606835.7165473,3
1741606835.8189373,2
1741606835.9212792,3
1741606836.0234752,2
1741606836.1259615,4
1741606836.2281053,3
1741606836.3303833,5
1741606836.4326441,0
1741606836.5360954,1
1741606836.638399,2
1741606836.7407112,1
1741606836.8429358,2
1741606836.9453518,1
1741606837.0475004,2
1741606837.1498497,1
1741606837.2522242,2
1741606837.3544269,3
1741606837.4564967,4
1741606837.5609138,0
1741606837.6634305,3
1741606837.7661788,3
1741606837.86917,3
1741606837.9716544,2
1741606838.0739615,1
1741606838.1764758,1
1741606838.278871,1
1741606838.381301,1
1741606838.4837644,2
1741606838.5861285,2
1741606838.68886,3
1741606838.791266,2
1741606838.893584,2
1741606838.9958503,2
1741606839.0983438,1
1741606839.200753,1
1741606839.302882,1
1741606839.4064696,1
1741606839.5094085,5
1741606839.61202,9
1741606839.7142966,10
1741606839.8165994,8
1741606839.9187758,9
1741606840.02119,9
1741606840.1236372,9
1741606840.2259102,10
1741606840.3280714,8
1741606840.4304814,7
1741606840.5332677,3
1741606840.6354394,3
1741606840.73772,4
1741606840.8404858,5
1741606840.9427135,3
1741606841.045011,3
1741606841.1471128,4
1741606841.2492735,6
1741606841.351684,6
1741606841.4538429,6
1741606841.556545,6
1741606841.6586795,5
1741606841.7610486,8
1741606841.863867,6
1741606841.966043,5
1741606842.0684466,5
1741606842.1705403,4
1741606842.2729094,5
1741606842.3750465,0
1741606842.4774604,1
1741606842.5799925,0
1741606842.6823766,1
1741606842.7848413,2
1741606842.8871417,3
1741606842.9895947,3
1741606843.0920126,4
1741606843.194368,3
1741606843.2968774,1
1741606843.3992867,3
1741606843.5016806,2
1741606843.6042042,2
1741606843.7065263,3
1741606843.8089073,3
1741606843.911473,1
1741606844.013802,1
1741606844.11609,0
1741606844.218557,1
1741606844.3208961,1
1741606844.4232743,2
1741606844.5258305,0
1741606844.6284287,0
1741606844.730751,0
1741606844.8330798,1
1741606844.9355524,1
1741606845.037589,1
1741606845.1401706,1
1741606845.242471,1
1741606845.3550656,1
1741606845.4577262,9
1741606845.5601177,9
1741606845.6625416,9
1741606845.764902,8
1741606845.8672915,8
1741606845.9696057,9
1741606846.0720112,9
1741606846.174401,8
1741606846.276887,9
1741606846.3793523,7
1741606846.4816687,5
1741606846.5841842,3
1741606846.6864984,3
1741606846.788825,1
1741606846.8912938,2
1741606846.9937606,2
1741606847.0959158,3
1741606847.1981554,5
1741606847.3006732,5
1741606847.4032693,5
1741606847.505698,4
1741606847.6080918,4
1741606847.7106416,6
1741606847.813072,7
1741606847.915742,6
1741606848.0179172,6
1741606848.1203423,7
1741606848.2230127,8
1741606848.3253534,7
1741606848.4277241,7
1741606848.5302398,9
1741606848.6328757,6
1741606848.735499,5
1741606848.8377793,3
1741606848.9400692,3
1741606849.042509,2
1741606849.1448228,6
1741606849.2472513,3
1741606849.349533,5
1741606849.4517548,5
1741606849.5542884,6
1741606849.6564553,6
1741606849.758522,7
1741606849.8605552,7
1741606849.9629366,7
1741606850.0651226,7
1741606850.1673114,9
1741606850.2695906,7
1741606850.3717253,7
1741606850.4738219,7
1741606850.5759935,7
1741606850.678041,5
1741606850.7805855,5
1741606850.883325,4
1741606850.9858136,4
1741606851.0879824,6
1741606851.1903071,3
1741606851.2924654,5
1741606851.3946912,5
1741606851.4970052,5
1741606851.5992591,5
1741606851.7014267,3
1741606851.8037395,5
1741606851.9058912,4
1741606852.0083199,5
1741606852.110465,5
1741606852.2127206,1
1741606852.3148508,2
1741606852.4172184,2
1741606852.5192986,3
1741606852.6216502,1
1741606852.724078,1
1741606852.8262434,0
1741606852.928503,1
1741606853.031087,0
1741606853.1332839,1
1741606853.2358863,2
1741606853.3380365,1
1741606853.4407303,0
1741606853.542851,1
1741606853.6452289,0
1741606853.7474732,1
1741606853.8503723,8
1741606853.9527347,9
1741606854.0549786,9
1741606854.1575897,8
1741606854.2600372,9
1741606854.362534,9
1741606854.4652135,7
1741606854.5676217,7
1741606854.6703475,8
1741606854.7728052,7
1741606854.8751957,5
1741606854.9777153,4
1741606855.0801988,5
1741606855.1823766,2
1741606855.284683,4
1741606855.3868759,5
1741606855.4891298,2
1741606855.5915356,5
1741606855.6936474,4
1741606855.795888,6
1741606855.8982275,4
1741606856.000527,6
1741606856.1026099,5
1741606856.2046616,6
1741606856.3069386,6
1741606856.409082,6
1741606856.511377,6
1741606856.6135654,2
1741606856.7158046,5
1741606856.8184052,3
1741606856.9206524,3
1741606857.0230982,4
1741606857.1252513,4
1741606857.227429,0
1741606857.329577,2
1741606857.4318316,1
1741606857.5356789,1
1741606857.63786,1
1741606857.7404099,2
1741606857.8428528,2
1741606857.9454868,2
1741606858.0479283,2
1741606858.150213,0
1741606858.2524574,0
1741606858.354724,0
1741606858.457179,0
1741606858.5597677,0
1741606858.6619565,4
1741606858.764501,1
1741606858.8669915,1
1741606858.9693065,0
1741606859.0717683,0
1741606859.1743171,1
1741606859.2766378,1
1741606859.3789713,0
1741606859.481345,1
1741606859.5840092,0
1741606859.6863797,1
1741606859.7887075,0
1741606859.8911119,0
1741606859.9936025,3
1741606860.0961714,1
1741606860.198374,1
1741606860.3006449,7
1741606860.4033723,10
1741606860.5057347,10
1741606860.6083646,8
1741606860.711177,4
1741606860.8137197,9
1741606860.9160495,8
1741606861.018458,8
1741606861.1212041,8
1741606861.2238154,8
1741606861.3262367,8
1741606861.4289129,8
1741606861.5315464,9
1741606861.6340923,9
1741606861.7365656,7
1741606861.8390443,7
1741606861.94154,9
1741606862.0439053,8
1741606862.1464972,8
1741606862.2490313,7
1741606862.3512669,7
1741606862.453827,8
1741606862.5565846,6
1741606862.6590126,5
1741606862.7612417,4
1741606862.8635328,4
1741606862.9660687,5
1741606863.0683596,4
1741606863.1706233,2
1741606863.2729814,4
1741606863.3751705,0
1741606863.477784,3
1741606863.580429,3
1741606863.6827865,5
1741606863.785189,4
1741606863.8874075,4
1741606863.9897962,5
1741606864.0922403,2
1741606864.1947105,2
1741606864.2968805,4
1741606864.399148,3
1741606864.5014787,3
1741606864.603657,4
1741606864.706361,2
1741606864.808542,4
1741606864.910888,1
1741606865.0130508,4
1741606865.1154168,4
1741606865.2173812,3
1741606865.3195822,5
1741606865.4217315,1
1741606865.5239842,0
1741606865.626259,0
1741606865.728502,0
1741606865.8308809,3
1741606865.9329803,1
1741606866.035387,1
1741606866.1374364,2
1741606866.2400243,1
1741606866.3424585,2
1741606866.4447513,1
1741606866.547056,1
1741606866.6492188,2
1741606866.7517343,1
1741606866.8538718,2
1741606866.956247,3
1741606867.0585148,1
1741606867.1606963,2
1741606867.2627966,9
1741606867.3650048,9
1741606867.4672992,7
1741606867.5695975,6
1741606867.6718085,8
1741606867.774174,9
1741606867.876417,6
1741606867.9790523,4
1741606868.0812595,8
1741606868.1834004,10
1741606868.2855353,8
1741606868.38765,7
1741606868.489836,6
1741606868.5922074,7
1741606868.694406,6
1741606868.796852,4
1741606868.899013,5
1741606869.0017626,5
1741606869.1042683,4
1741606869.2064345,4
1741606869.3090563,4
1741606869.4111738,6
1741606869.5136604,6
1741606869.615776,5
1741606869.7180166,6
1741606869.8203697,4
1741606869.9228084,3
1741606870.0252388,4
1741606870.1277397,4
1741606870.23059,4
1741606870.333044,5
1741606870.4352174,4
1741606870.5378416,0
1741606870.6404324,1
1741606870.7428782,0
1741606870.845388,0
1741606870.9477534,0
1741606871.0501359,2
1741606871.152397,1
1741606871.2544734,0
1741606871.3567224,0
1741606871.4592552,2
1741606871.5614913,1
1741606871.663954,1
1741606871.7664168,1
1741606871.8691175,1
1741606871.9718668,2
1741606872.0742815,2
1741606872.1768162,3
1741606872.279243,3
1741606872.3819792,5
1741606872.4841413,3
1741606872.5864966,3
1741606872.6886625,1
1741606872.791141,2
1741606872.8933928,3
1741606872.9955618,2
1741606873.0979395,2
1741606873.2005165,1
1741606873.3030028,1
1741606873.4053748,2
1741606873.5077684,1
1741606873.6102152,2
1741606873.7127516,1
1741606873.8151739,2
1741606873.9175963,2
1741606874.019871,1
1741606874.122344,1
1741606874.229556,1
1741606874.3319902,7
1741606874.4346988,10
1741606874.5371375,8
1741606874.6393976,10
1741606874.741611,10
1741606874.8440628,7
1741606874.9463944,9
1741606875.048897,8
1741606875.151083,10
1741606875.2535486,10
1741606875.3557832,9
1741606875.4582946,9
1741606875.560426,5
1741606875.662906,5
1741606875.7654512,6
1741606875.8679008,5
1741606875.970434,6
1741606876.073038,4
1741606876.1755922,6
1741606876.2776737,7
1741606876.3801498,8
1741606876.4824464,7
1741606876.585001,7
1741606876.687499,6
1741606876.7898166,7
1741606876.892539,5
1741606876.9948928,6
1741606877.097283,7
1741606877.1997259,6
1741606877.3019626,4
1741606877.404515,6
1741606877.5067527,5
1741606877.6091814,7
1741606877.711474,6
1741606877.8137522,8
1741606877.9162228,7
1741606878.018483,7
1741606878.1210318,7
1741606878.2233062,8
1741606878.3257854,6
1741606878.4283357,6
1741606878.5306792,0
1741606878.6331627,2
1741606878.735606,1
1741606878.8378406,2
1741606878.940397,2
1741606879.0429363,2
1741606879.1451514,3
1741606879.247427,2
1741606879.3497005,3
1741606879.4521606,2
1741606879.5545375,3
1741606879.656746,2
1741606879.7592845,1
1741606879.8616195,2
1741606879.9642406,2
1741606880.0665078,1
1741606880.168928,2
1741606880.2712302,0
1741606880.3736076,0
1741606880.4757993,2
1741606880.5782623,1
1741606880.680659,3
1741606880.7836416,1
1741606880.8859315,2
1741606880.9884906,1
1741606881.090889,0
1741606881.1931548,0
1741606881.2957208,1
1741606881.398134,0
1741606881.5007913,1
1741606881.603162,7
1741606881.705585,9
1741606881.8080754,9
1741606881.9107366,9
1741606882.0130522,5
1741606882.1155977,8
1741606882.2178721,8
1741606882.3202028,8
1741606882.4226832,9
1741606882.5250065,7
1741606882.6274836,8
1741606882.729972,5
1741606882.8325865,7
1741606882.9347422,5
1741606883.03709,6
1741606883.1394203,6
1741606883.241721,6
1741606883.3440228,6
1741606883.4465163,7
1741606883.5490623,5
1741606883.6518068,3
1741606883.7544765,3
1741606883.8569672,6
1741606883.9593465,5
1741606884.061895,5
1741606884.1648166,3
1741606884.2672431,3
1741606884.3697696,4
1741606884.4719799,2
1741606884.5742738,2
1741606884.6768315,3
1741606884.779318,2
1741606884.8817282,3
1741606884.984543,4
1741606885.086722,4
1741606885.1888304,6
1741606885.2913973,4
1741606885.393719,6
1741606885.495994,6
1741606885.598387,7
1741606885.7005875,4
1741606885.8028717,3
1741606885.9054823,1
1741606886.0078697,1
1741606886.1101549,0
1741606886.2125707,0
1741606886.3148549,0
1741606886.41714,0
1741606886.51936,0
1741606886.621826,0
1741606886.7245414,0
1741606886.8267834,0
1741606886.9291928,0
1741606887.0320344,1
1741606887.1349404,0
1741606887.2371879,3
1741606887.3394716,0
1741606887.4418628,2
1741606887.5460448,1
1741606887.6484303,1
1741606887.7507608,2
1741606887.8528733,2
1741606887.9551678,3
1741606888.05745,3
1741606888.159718,2
1741606888.262112,4
1741606888.3644514,3
1741606888.466714,1
1741606888.569153,1
1741606888.6717105,1
1741606888.7739382,2
1741606888.8762965,10
1741606888.978667,9
1741606889.0809782,9
1741606889.183975,8
1741606889.2860987,8
1741606889.3885152,10
1741606889.4906504,5
1741606889.5930073,8
1741606889.6954012,7
1741606889.7975996,5
1741606889.899818,6
1741606890.0028303,6
1741606890.1049836,4
1741606890.2071388,6
1741606890.3094468,3
1741606890.4117935,6
1741606890.5141559,5
1741606890.6164258,3
1741606890.7186074,3
1741606890.820755,5
1741606890.9229908,5
1741606891.0253146,6
1741606891.1276412,6
1741606891.2300456,7
1741606891.332342,5
1741606891.4343066,3
1741606891.5370624,3
1741606891.639215,5
1741606891.7416792,4
1741606891.8438954,6
1741606891.9465866,6
1741606892.0488598,8
1741606892.1512947,8
1741606892.2536564,8
1741606892.35608,7
1741606892.458498,6
1741606892.5606549,2
1741606892.6628366,2
1741606892.765015,1
1741606892.8673818,2
1741606892.969509,1
1741606893.0717652,0
1741606893.1739826,1
1741606893.2763019,2
1741606893.3785386,1
1741606893.4809368,2
1741606893.5832958,1
1741606893.685712,3
1741606893.788185,1
1741606893.8911257,1
1741606893.9937556,1
1741606894.09631,1
1741606894.1988482,2
1741606894.3014824,2
1741606894.4040573,0
1741606894.5064995,1
1741606894.6090436,0
1741606894.7115853,1
1741606894.8141804,0
1741606894.9162567,0
1741606895.0184157,0
1741606895.1207342,0
1741606895.222936,0
1741606895.3251731,0
1741606895.4273827,1
1741606895.5295618,1
